-1 -1 -1 -1 -1 -1 -1 -1 -1 -1 -1 -1 -1 -1 -1
-1 01 01 -1 02 03 04 05 06 07 08 09 -1 01 -1
-1 10 11 -1 12 -1 13 -1 -1 -1 -1 14 -1 99 -1
-1 15 -1 -1 16 -1 17 18 -1 19 20 21 -1 22 -1
-1 23 -1 24 25 -1 -1 26 -1 27 -1 28 -1 29 -1
-1 30 31 32 33 34 -1 35 -1 36 -1 37 38 39 -1
-1 40 -1 -1 -1 41 -1 42 -1 43 -1 -1 -1 -1 -1
-1 44 -1 45 46 47 48 01 -1 49 50 51 52 53 -1
-1 54 55 56 -1 57 -1 58 -1 59 -1 60 -1 -1 -1
-1 61 -1 62 -1 63 -1 64 65 66 -1 67 -1 68 -1
-1 -1 -1 69 -1 70 -1 71 -1 -1 -1 72 -1 73 -1
-1 74 75 76 -1 77 -1 78 -1 79 -1 80 81 82 -1
-1 83 84 -1 -1 85 -1 86 -1 87 -1 -1 -1 88 -1
-1 01 89 90 91 92 -1 93 94 95 96 97 98 01 -1
-1 -1 -1 -1 -1 -1 -1 -1 -1 -1 -1 -1 -1 -1 -1